   1   6   1   0  0.1040388E+02  0.3000000E+03
  CAR 
 empty                                   
   0   0   0
   1   1
 256 256 256
 256
  0.1000000E-09
  0.6250000E-11
   1
  0.1500000E-14  0.4593730E-09  0.4593730E-09  0.2958120E-09
  0.1919150E+04  0.1906836E+04
  0.000
  0.000
  0.000
  0.000
  0.000
  0.000
  0.000
  0.000
  0.000
  0.000
  0.000
  0.000
  0.000
  0.000
  0.000
  0.000
  0.000
  0.000
  0.000
  0.000
  0.000
  0.000
  0.000
  0.000
  0.000
  0.000
  0.161
  0.299
  1.113
  2.727
  3.038
  3.645
  1.284
  1.108
  0.570
  0.448
  0.339
  0.322
  0.153
  0.217
  0.276
  0.000
  0.000
  0.956
  4.738
  1.911
  0.941
  0.301
  0.096
  0.000
  0.000
  0.000
  0.123
  1.027
  0.913
  2.385
  1.629
  2.940
  0.958
  0.543
  0.185
  0.299
  0.231
  0.112
  0.109
  2.319
  1.227
  0.595
  0.313
  0.164
  0.432
  1.769
  2.516
  2.929
  0.489
  0.436
  0.502
  0.621
  0.936
  0.680
  1.709
  0.647
  0.349
  0.227
  0.317
  0.448
  0.514
  1.181
  0.823
  0.480
  0.552
  0.891
  0.938
  1.565
  1.000
  0.446
  0.255
  0.155
  0.466
  0.845
  0.996
  0.713
  0.828
  0.507
  0.041
  0.091
  0.080
  0.470
  2.160
  2.602
  1.231
  0.964
  1.018
  1.579
  0.983
  0.559
  0.458
  0.516
  2.294
  1.203
  0.607
  0.268
  0.121
  0.541
  0.817
  0.632
  0.834
  0.953
  0.281
  0.917
  0.796
  0.778
  0.573
  1.243
  0.837
  1.182
  1.589
  0.765
  0.737
  1.162
  0.882
  0.773
  0.829
  0.538
  1.348
  1.335
  1.169
  0.920
  0.759
  0.374
  0.264
  1.039
  0.933
  0.192
  0.535
  0.519
  0.725
  1.326
  1.233
  0.529
  0.676
  1.209
  1.040
  1.277
  0.940
  0.763
  0.579
  0.214
  0.096
  0.460
  0.471
  0.742
  0.661
  1.243
  1.281
  0.657
  1.132
  0.879
  1.252
  0.821
  0.649
  0.947
  0.621
  1.249
  0.780
  1.097
  0.543
  0.830
  1.078
  0.866
  0.670
  0.382
  0.476
  0.380
  0.514
  1.183
  1.654
  1.122
  1.119
  1.071
  1.310
  0.857
  1.254
  0.751
  0.719
  0.321
  0.392
  0.591
  0.829
  0.734
  0.673
  0.594
  0.538
  0.870
  0.536
  1.331
  1.201
  0.793
  1.267
  1.131
  0.944
  0.915
  0.715
  0.545
  0.857
  1.425
  0.963
  1.011
  0.585
  0.758
  1.170
  0.987
  0.529
  0.535
  0.356
  0.522
  0.445
  0.669
  1.073
  0.922
  0.754
  0.570
  1.205
  0.799
  1.019
  1.118
  0.949
  0.840
  0.835
  0.545
  0.683
  0.688
  0.704
  0.925
  0.665
  0.855
