P
136
16 1

  1.00000000   0.00000000   0.00000000
  0.00000000   1.00000000   0.00000000
  0.00000000   0.00000000   1.00000000
  0.00000000   0.00000000   0.00000000

 -1.00000000   0.00000000   0.00000000
  0.00000000  -1.00000000   0.00000000
  0.00000000   0.00000000   1.00000000
  0.00000000   0.00000000   0.00000000

  0.00000000  -1.00000000   0.00000000
  1.00000000   0.00000000   0.00000000
  0.00000000   0.00000000   1.00000000
  0.50000000   0.50000000   0.50000000

  0.00000000   1.00000000   0.00000000
 -1.00000000   0.00000000   0.00000000
  0.00000000   0.00000000   1.00000000
  0.50000000   0.50000000   0.50000000

 -1.00000000   0.00000000   0.00000000
  0.00000000   1.00000000   0.00000000
  0.00000000   0.00000000   1.00000000
  0.50000000   0.50000000   0.50000000

  1.00000000   0.00000000   0.00000000
  0.00000000  -1.00000000   0.00000000
  0.00000000   0.00000000   1.00000000
  0.50000000   0.50000000   0.50000000

  0.00000000   1.00000000   0.00000000
  1.00000000   0.00000000   0.00000000
  0.00000000   0.00000000   1.00000000
  0.00000000   0.00000000   0.00000000

  0.00000000  -1.00000000   0.00000000
 -1.00000000   0.00000000   0.00000000
  0.00000000   0.00000000   1.00000000
  0.00000000   0.00000000   0.00000000

 -1.00000000   0.00000000   0.00000000
  0.00000000  -1.00000000   0.00000000
  0.00000000   0.00000000  -1.00000000
  0.00000000   0.00000000   0.00000000

  1.00000000   0.00000000   0.00000000
  0.00000000   1.00000000   0.00000000
  0.00000000   0.00000000  -1.00000000
  0.00000000   0.00000000   0.00000000

  0.00000000   1.00000000   0.00000000
 -1.00000000   0.00000000   0.00000000
  0.00000000   0.00000000  -1.00000000
  0.50000000   0.50000000   0.50000000

  0.00000000  -1.00000000   0.00000000
  1.00000000   0.00000000   0.00000000
  0.00000000   0.00000000  -1.00000000
  0.50000000   0.50000000   0.50000000

  1.00000000   0.00000000   0.00000000
  0.00000000  -1.00000000   0.00000000
  0.00000000   0.00000000  -1.00000000
  0.50000000   0.50000000   0.50000000

 -1.00000000   0.00000000   0.00000000
  0.00000000   1.00000000   0.00000000
  0.00000000   0.00000000  -1.00000000
  0.50000000   0.50000000   0.50000000

  0.00000000  -1.00000000   0.00000000
 -1.00000000   0.00000000   0.00000000
  0.00000000   0.00000000  -1.00000000
  0.00000000   0.00000000   0.00000000

  0.00000000   1.00000000   0.00000000
  1.00000000   0.00000000   0.00000000
  0.00000000   0.00000000  -1.00000000
  0.00000000   0.00000000   0.00000000
1
 4.59373 0 0
 0 4.59373 0
 0 0 2.95812
2
1 1  0.30530 0.30530 0.00000
2 1  0.00000 0.00000 0.00000
