      0.45937300E+01      0.00000000E+00      0.00000000E+00
      0.00000000E+00      0.45937300E+01      0.00000000E+00
      0.00000000E+00      0.00000000E+00      0.29581200E+01
           6
    1    1      0.30530000E+00      0.30530000E+00      0.00000000E+00
    1    1      0.69470000E+00      0.69470000E+00      0.00000000E+00
    1    1      0.19470000E+00      0.80530000E+00      0.50000000E+00
    1    1      0.80530000E+00      0.19470000E+00      0.50000000E+00
    2    1      0.00000000E+00      0.00000000E+00      0.00000000E+00
    2    1      0.50000000E+00      0.50000000E+00      0.50000000E+00
